clear all
%%
%[text] ## Zadatak

load T_transformed.mat
% grupisanje po starosti
Starost=T_transformed{:,{'age_65_older','median_age'}};
any(isnan(Starost),'all') %[output:3c829ae6]
starostStandardized= normalize (Starost);
% PCA
[coeffSt,scoreSt,latentSt,tsquaredSt,explainedSt]=pca(starostStandardized) %[output:68fea56f] %[output:96a125bb] %[output:62a46243] %[output:190e286c] %[output:9a4d2305]
cumVarSt=cumsum(explainedSt) %[output:065501f7]
numPCSt=find(cumVarSt>=85,1) %[output:33faa841]
score_reducedSt=scoreSt(:,1:numPCSt) %[output:75ea41da]
%obuhvacena 1 varijansa

% grupisanje po vakcinaciji
Vakcinacija=T_transformed{:,{'fully_vaccinated','boosters'}};
any(isnan(Vakcinacija),'all') %[output:446662ef]
vakcinacijaStandardized = normalize(Vakcinacija);
% PCA
[coeffVacc,scoreVacc,latentVacc,tsquaredVacc,explainedVacc]=pca(vakcinacijaStandardized) %[output:37ead58b] %[output:504b2223] %[output:89573805] %[output:3ef84141] %[output:700f7640]
cumVarVacc=cumsum(explainedVacc) %[output:838d81fd]
numPCVacc=find(cumVarVacc>=85,1) %[output:2b8276a1]
score_reducedVacc=scoreVacc(:,1:numPCVacc) %[output:797b68c7]
%obuhvacena 1 varijansa

% grupisanje po GHSI komponentama
GHSI=T_transformed{:,{'Overall','Prevent','Detect','Respond','Health','Norms','Risk','HDI'}};
any(isnan(GHSI),'all') %[output:0ee74954]
ghsiStandardized = normalize (GHSI) %[output:8fb8525b]
% PCA 
[coeffGHSI,scoreGHSI,latentGHSI,tsquaredGHSI,explainedGHSI]=pca(ghsiStandardized) %[output:68a8328b] %[output:2d3cb8da] %[output:55779c67] %[output:2215a4b6] %[output:13e65c31]
cumVarGHSI=cumsum(explainedGHSI) %[output:438cee84]
numPCGHSI=find(cumVarGHSI>=85,1) %[output:65db6979]
score_reducedGHSI=scoreGHSI(:,1:numPCGHSI) %[output:00b18373]
%obuhvaceno 3 varijanse

% grupisanje po mobilnosti
Mobilnost=T_transformed{:,{'mobility_retail','mobility_grocery','mobility_parks','mobility_transit','mobility_workplace','mobility_residential'}};
any(isnan(Mobilnost),'all') %[output:19917ebc]
mobilnostStandardized = normalize(Mobilnost);
% PCA
[coeffMobilnost, scoreMobilnost, latentMobilnost, tsquaredMobilnost, explainedMobilnost] = pca(mobilnostStandardized) %[output:4a030397] %[output:17061436] %[output:2a002263] %[output:8a174a7a] %[output:48cba0da]
cumVarMobilnost=cumsum(explainedMobilnost) %[output:5a84d46c]
numPCMobilnost=find(cumVarMobilnost>=85,1) %[output:1c6565e5]
score_reducedMobilnost=scoreMobilnost(:,1:numPCMobilnost) %[output:64097624]
%obuhvaceno 3 varijanse

%%
%[text] ## korelaciona analiza
% starost
T_starost=table(T_transformed.age_65_older,T_transformed.median_age,score_reducedSt,T_transformed.R_mean);
T_starost.Properties.VariableNames={'age_65_older','median_age','PCA_starost','R_mean'};
[R_st,P_st]=corr(T_starost{:,:},'Type','Pearson') %[output:92093818] %[output:918bb026]
h_st=heatmap(R_st,'Colormap',parula) %[output:074c42a2] %[output:077a69ff]
h_st.XDisplayLabels={'age 65 older','median age','PCA starost','R_{mean}'} %[output:66c095dc] %[output:077a69ff]
h_st.YDisplayLabels={'age 65 older','median age','PCA starost','R_{mean}'} %[output:077a69ff] %[output:07fbd076]
h1_st=heatmap(P_st,'Colormap',parula) %[output:3d54e7b2] %[output:2f6dee3b]
h1_st.XDisplayLabels={'age 65 older','median age','PCA starost','R_{mean}'} %[output:7ebf65e9] %[output:2f6dee3b]
h1_st.YDisplayLabels={'age 65 older','median age','PCA starost','R_{mean}'} %[output:2f6dee3b] %[output:38ddd7ba]
% vakcinacija
T_vakcinacija = table(T_transformed.fully_vaccinated, T_transformed.boosters, score_reducedVacc,T_transformed.R_mean);
T_vakcinacija.Properties.VariableNames={'fully_vaccinated','boosters','PCA_vacc','R_mean'};
[R_vacc,P_vacc]=corr(T_vakcinacija{:,:},'Type','Pearson') %[output:6889bbfe] %[output:97aeea06]
h_vacc=heatmap(R_vacc,'Colormap',parula) %[output:8245c6f2] %[output:0f09fe1c]
h_vacc.XDisplayLabels={'fully vacninated','booster','PCA vakcinacija','R_{mean}'} %[output:9d6a9270] %[output:0f09fe1c]
h_vacc.YDisplayLabels={'fully vacninated','booster','PCA vakcinacija','R_{mean}'} %[output:0f09fe1c] %[output:7c56c03d]
h1_vacc=heatmap(P_vacc,'Colormap',parula) %[output:2b441547] %[output:682a1115]
h1_vacc.XDisplayLabels={'fully vacninated','booster','PCA vakcinacija','R_{mean}'} %[output:0149a94e] %[output:682a1115]
h1_vacc.YDisplayLabels={'fully vacninated','booster','PCA vakcinacija','R_{mean}'} %[output:682a1115] %[output:59039d9a]
% GHSI
T_GHSI= table(T_transformed.Overall,T_transformed.Prevent,T_transformed.Detect,T_transformed.Respond,T_transformed.Health,T_transformed.Norms,T_transformed.Risk,T_transformed.HDI,score_reducedGHSI,T_transformed.R_mean);
T_GHSI.Properties.VariableNames={'overall','prevent','detect','respond','health','norms','risk','HDI','PCA_GHSI','R_mean'};
[R_GHSI,P_GHSI]=corr(T_GHSI{:,:},'Type','Pearson') %[output:9da69f6f] %[output:19035e7f]
h_GHSI=heatmap(R_GHSI,'Colormap',parula) %[output:9602ac89] %[output:4dda3b0d]
h_GHSI.XDisplayLabels={'overall','prevent','detect','respond','health','norms','risk','HDI','PCA-GHSI-1','PCA-GHSI-2','PCA-GHSI-3','R_{mean}'} %[output:24f4d1ab] %[output:4dda3b0d]
h_GHSI.YDisplayLabels={'overall','prevent','detect','respond','health','norms','risk','HDI','PCA-GHSI-1','PCA-GHSI-2','PCA-GHSI-3','R_{mean}'} %[output:4dda3b0d] %[output:88f645f7]
h1_GHSI=heatmap(P_GHSI,'Colormap',parula) %[output:31d0dd63] %[output:49fae951]
h1_GHSI.XDisplayLabels={'overall','prevent','detect','respond','health','norms','risk','HDI','PCA-GHSI-1','PCA-GHSI-2','PCA-GHSI-3','R_{mean}'} %[output:95a6d0da] %[output:49fae951]
h1_GHSI.YDisplayLabels={'overall','prevent','detect','respond','health','norms','risk','HDI','PCA-GHSI-1','PCA-GHSI-2','PCA-GHSI-3','R_{mean}'} %[output:49fae951] %[output:18f045dc]
% mobilnost
T_mobilnost = table(T_transformed.mobility_retail,T_transformed.mobility_grocery,T_transformed.mobility_parks,T_transformed.mobility_transit,T_transformed.mobility_workplace,T_transformed.mobility_residential, score_reducedMobilnost, T_transformed.R_mean);
T_mobilnost.Properties.VariableNames={'mobility_retail','mobility_grocery','mobility_parks','mobility_transit','mobility_workplace','mobility_residential','PCA_mobilnost','R_mean'};
[R_mob,P_mob]=corr(T_mobilnost{:,:},'Type','Pearson') %[output:03847fe2] %[output:513f691e]
h_mob=heatmap(R_mob,'Colormap',parula) %[output:412b7345] %[output:9c666d72]
h_mob.XDisplayLabels={'mobility retail','mobility grocery','mobility parks','mobility transit','mobility workplace','mobility residential','PCA mobilnost-1','PCA mobilnost-2','PCA mobilnost-3','R_{mean}'} %[output:03d2f718] %[output:9c666d72]
h_mob.YDisplayLabels={'mobility retail','mobility grocery','mobility parks','mobility transit','mobility workplace','mobility residential','PCA mobilnost-1','PCA mobilnost-2','PCA mobilnost-3','R_{mean}'} %[output:9c666d72] %[output:5a37f1c4]
h1_mob=heatmap(P_mob,'Colormap',parula) %[output:27ebe9d5] %[output:0cd75d22]
h1_mob.XDisplayLabels={'mobility retail','mobility grocery','mobility parks','mobility transit','mobility workplace','mobility residential','PCA mobilnost-1','PCA mobilnost-2','PCA mobilnost-3','R_{mean}'} %[output:035e6dba] %[output:0cd75d22]
h1_mob.YDisplayLabels={'mobility retail','mobility grocery','mobility parks','mobility transit','mobility workplace','mobility residential','PCA mobilnost-1','PCA mobilnost-2','PCA mobilnost-3','R_{mean}'} %[output:0cd75d22] %[output:26f635b8]

%%
%[text] ## finalna korelacija
T_finalna_korelacija=table(T_transformed.immunity_proxy_deaths,T_transformed.stringency,T_transformed.pop_density,T_transformed.cardiovasc,T_transformed.diabetes,T_transformed.onset,score_reducedSt,score_reducedVacc,score_reducedGHSI,score_reducedMobilnost,T_transformed.R_mean);
T_finalna_korelacija.Properties.VariableNames={'immunity_proxy_deaths','stringency','pop_density','cardiovasc','diabetes','onset','PCA_starost','PCA_vakcinacija','PCA_GHSI','PCA_mobilnost','R_mean'} %[output:3e294025]
[R_final,P_final]=corr(T_finalna_korelacija{:,:},'Type','Pearson') %[output:9f5e3ad9] %[output:9be3e9ab]
h_final=heatmap(R_final,'Colormap',parula) %[output:52c19522] %[output:312e1107]
h_final.XDisplayLabels={'immunity proxy deaths','stringency','pop density','cardiovasc','diabetes','onset','PCA starost','PCA vakcinacija','PCA-GHSI-1','PCA-GHSI-2','PCA-GHSI-3','PCA mobilnost-1','PCA mobilnost-2','PCA mobilnost-3','R_{mean}'} %[output:8316a63e] %[output:312e1107]
h_final.YDisplayLabels={'immunity proxy deaths','stringency','pop density','cardiovasc','diabetes','onset','PCA starost','PCA vakcinacija','PCA-GHSI-1','PCA-GHSI-2','PCA-GHSI-3','PCA mobilnost-1','PCA mobilnost-2','PCA mobilnost-3','R_{mean}'} %[output:312e1107] %[output:5aad436c]
h1_final=heatmap(P_final,'Colormap',parula) %[output:7a8ebb06] %[output:817013e0]
h1_final.XDisplayLabels={'immunity proxy deaths','stringency','pop density','cardiovasc','diabetes','onset','PCA starost','PCA vakcinacija','PCA-GHSI-1','PCA-GHSI-2','PCA-GHSI-3','PCA mobilnost-1','PCA mobilnost-2','PCA mobilnost-3','R_{mean}'} %[output:09b665ba] %[output:817013e0]
h1_final.YDisplayLabels={'immunity proxy deaths','stringency','pop density','cardiovasc','diabetes','onset','PCA starost','PCA vakcinacija','PCA-GHSI-1','PCA-GHSI-2','PCA-GHSI-3','PCA mobilnost-1','PCA mobilnost-2','PCA mobilnost-3','R_{mean}'} %[output:817013e0] %[output:3d5fc56d]
save('T_finalna_korelacija.mat','T_finalna_korelacija')

%[appendix]{"version":"1.0"}
%---
%[metadata:view]
%   data: {"layout":"onright","rightPanelPercent":33.9}
%---
%[output:3c829ae6]
%   data: {"dataType":"textualVariable","outputData":{"header":"logical","name":"ans","value":"   0\n"}}
%---
%[output:68fea56f]
%   data: {"dataType":"matrix","outputData":{"columns":2,"name":"coeffSt","rows":2,"type":"double","value":[["0.7071","0.7071"],["0.7071","-0.7071"]]}}
%---
%[output:96a125bb]
%   data: {"dataType":"matrix","outputData":{"columns":2,"name":"scoreSt","rows":104,"type":"double","value":[["-1.9150","0.0426"],["-2.0357","0.0757"],["-1.3851","-1.3820"],["0.0836","0.4205"],["0.9407","0.2671"],["1.8391","-0.1252"],["1.5280","0.1044"],["-0.9404","0.0272"],["1.9706","-0.0582"],["-1.1182","-0.8588"],["0.0591","0.0127"],["1.4635","-0.1024"],["-1.3093","-0.0250"],["-0.8486","0.3871"],["-0.0541","0.0304"]]}}
%---
%[output:62a46243]
%   data: {"dataType":"matrix","outputData":{"columns":1,"name":"latentSt","rows":2,"type":"double","value":[["1.9098"],["0.0902"]]}}
%---
%[output:190e286c]
%   data: {"dataType":"matrix","outputData":{"columns":1,"name":"tsquaredSt","rows":104,"type":"double","value":[["1.9403"],["2.2333"],["22.1851"],["1.9650"],["1.2547"],["1.9449"],["1.3434"],["0.4713"],["2.0709"],["8.8329"],["0.0036"],["1.2378"],["0.9045"],["2.0388"],["0.0118"]]}}
%---
%[output:9a4d2305]
%   data: {"dataType":"matrix","outputData":{"columns":1,"name":"explainedSt","rows":2,"type":"double","value":[["95.4914"],["4.5086"]]}}
%---
%[output:065501f7]
%   data: {"dataType":"matrix","outputData":{"columns":1,"name":"cumVarSt","rows":2,"type":"double","value":[["95.4914"],["100.0000"]]}}
%---
%[output:33faa841]
%   data: {"dataType":"textualVariable","outputData":{"name":"numPCSt","value":"1"}}
%---
%[output:75ea41da]
%   data: {"dataType":"matrix","outputData":{"columns":1,"name":"score_reducedSt","rows":104,"type":"double","value":[["-1.9150"],["-2.0357"],["-1.3851"],["0.0836"],["0.9407"],["1.8391"],["1.5280"],["-0.9404"],["1.9706"],["-1.1182"],["0.0591"],["1.4635"],["-1.3093"],["-0.8486"],["-0.0541"]]}}
%---
%[output:446662ef]
%   data: {"dataType":"textualVariable","outputData":{"header":"logical","name":"ans","value":"   0\n"}}
%---
%[output:37ead58b]
%   data: {"dataType":"matrix","outputData":{"columns":2,"name":"coeffVacc","rows":2,"type":"double","value":[["0.7071","0.7071"],["0.7071","-0.7071"]]}}
%---
%[output:504b2223]
%   data: {"dataType":"matrix","outputData":{"columns":2,"name":"scoreVacc","rows":104,"type":"double","value":[["-1.8520","-0.0969"],["-1.8263","-0.0712"],["2.8677","1.2851"],["0.8405","0.3103"],["1.0048","0.6051"],["1.5012","-0.4253"],["1.7979","-0.2390"],["-0.9886","0.0357"],["-0.6255","-0.5911"],["1.4301","-0.5510"],["-0.6627","-0.1455"],["-0.7371","-0.5694"],["-0.9848","0.7703"],["-0.3905","-0.3425"],["0.7707","0.0993"]]}}
%---
%[output:89573805]
%   data: {"dataType":"matrix","outputData":{"columns":1,"name":"latentVacc","rows":2,"type":"double","value":[["1.7778"],["0.2222"]]}}
%---
%[output:3ef84141]
%   data: {"dataType":"matrix","outputData":{"columns":1,"name":"tsquaredVacc","rows":104,"type":"double","value":[["1.9716"],["1.8990"],["12.0593"],["0.8306"],["2.2159"],["2.0816"],["2.0754"],["0.5555"],["1.7926"],["2.5169"],["0.3423"],["1.7650"],["3.2164"],["0.6139"],["0.3784"]]}}
%---
%[output:700f7640]
%   data: {"dataType":"matrix","outputData":{"columns":1,"name":"explainedVacc","rows":2,"type":"double","value":[["88.8910"],["11.1090"]]}}
%---
%[output:838d81fd]
%   data: {"dataType":"matrix","outputData":{"columns":1,"name":"cumVarVacc","rows":2,"type":"double","value":[["88.8910"],["100.0000"]]}}
%---
%[output:2b8276a1]
%   data: {"dataType":"textualVariable","outputData":{"name":"numPCVacc","value":"1"}}
%---
%[output:797b68c7]
%   data: {"dataType":"matrix","outputData":{"columns":1,"name":"score_reducedVacc","rows":104,"type":"double","value":[["-1.8520"],["-1.8263"],["2.8677"],["0.8405"],["1.0048"],["1.5012"],["1.7979"],["-0.9886"],["-0.6255"],["1.4301"],["-0.6627"],["-0.7371"],["-0.9848"],["-0.3905"],["0.7707"]]}}
%---
%[output:0ee74954]
%   data: {"dataType":"textualVariable","outputData":{"header":"logical","name":"ans","value":"   0\n"}}
%---
%[output:8fb8525b]
%   data: {"dataType":"matrix","outputData":{"columns":8,"name":"ghsiStandardized","rows":104,"type":"double","value":[["-1.2206","-1.4555","-1.0909","-1.4003","-0.8708","0.6941","-1.8846","-1.5857"],["-1.1937","-1.2603","-1.6065","-0.6713","-0.8646","-0.2741","-1.0788","-1.2596"],["-0.3191","0.2294","-0.9608","-0.1488","-1.0951","-0.5586","1.0367","0.8555"],["0.7524","0.3663","0.8813","0.3337","1.2858","0.6072","0.0537","0.4029"],["1.8138","1.5776","2.0137","1.5253","1.5016","1.5026","1.1284","1.7200"],["0.9197","0.9865","0.1202","0.1965","0.8004","0.9104","1.9250","1.2838"],["1.0773","1.0323","0.6994","0.5393","1.2767","0.7086","1.2132","1.4381"],["-0.6465","-0.6651","0.2451","-0.9636","-0.7111","-0.6868","-0.7439","-1.0023"],["1.1163","1.6549","1.1148","-0.0335","1.1207","1.3038","0.1295","0.1592"],["-0.5814","-0.3660","-0.1041","-0.4961","0.1608","-2.2776","-0.3167","0.4664"],["-1.1049","-0.9604","-1.5386","-0.7472","-1.3112","-0.2741","-0.4869","0.1434"],["-0.6547","-0.2595","-1.5611","-0.2161","0.1868","-0.9376","-0.6224","-0.1107"],["-1.1403","-0.4199","-1.1041","-1.6803","-1.7092","-0.3711","-0.6224","-0.5297"],["-1.1226","0.1407","-1.0449","-1.0247","-1.2492","-1.9455","-0.7169","-0.5175"],["0.5330","0.8013","0.7332","1.2032","0.6209","-0.7247","-0.2689","-0.2149"]]}}
%---
%[output:68a8328b]
%   data: {"dataType":"matrix","outputData":{"columns":8,"name":"coeffGHSI","rows":8,"type":"double","value":[["0.4086","-0.0937","-0.0233","-0.0360","-0.0049","-0.1337","-0.0560","0.8952"],["0.3774","0.0740","0.0333","-0.4487","-0.0455","-0.4301","0.6483","-0.2056"],["0.3430","-0.4434","-0.2365","-0.0553","0.7473","0.0632","-0.1464","-0.2070"],["0.3356","-0.0704","-0.5216","0.6718","-0.3065","-0.0485","0.2054","-0.1432"],["0.3648","-0.0911","-0.2351","-0.4829","-0.5004","0.2112","-0.4836","-0.2031"],["0.3050","-0.4641","0.7447","0.2546","-0.2056","0.0943","0.0158","-0.1442"],["0.3335","0.5628","0.2205","0.2114","0.1645","-0.4511","-0.4666","-0.1748"],["0.3506","0.4938","0.1091","0.0159","0.1601","0.7306","0.2473","0.0206"]]}}
%---
%[output:2d3cb8da]
%   data: {"dataType":"matrix","outputData":{"columns":8,"name":"scoreGHSI","rows":104,"type":"double","value":[["-3.1828","-1.4976","1.1014","-0.0097","-0.5846","0.3614","-0.0840","0.0064"],["-2.9402","-0.2451","0.3397","0.3460","-0.8217","-0.0093","-0.0473","-0.0031"],["-0.3476","1.8482","0.4834","0.4810","0.2891","-0.2360","0.5254","0.0267"],["1.6735","-0.6274","-0.1821","-0.4646","-0.1590","0.3803","-0.4027","0.0183"],["4.5247","-0.4031","-0.0590","0.0634","0.3571","0.3386","0.1363","-0.0193"],["2.5171","1.1416","0.9348","-0.0779","-0.0854","-0.2247","-0.3424","-0.0364"],["2.8414","0.5752","0.2145","-0.3352","-0.0498","0.2699","-0.1992","-0.0137"],["-1.8230","-0.5595","-0.1801","-0.3438","0.7262","-0.1770","-0.1966","-0.0019"],["2.3574","-1.0296","0.5363","-1.0463","-0.0197","-0.3715","0.2979","-0.0019"],["-1.1559","1.2029","-1.4681","-0.8593","0.5042","0.5554","-0.1420","0.0082"],["-2.2666","0.8106","0.7598","0.5166","-0.2162","0.5215","0.4034","0.0277"],["-1.4377","0.7626","-0.4029","-0.3811","-1.1062","0.2620","0.2104","0.0251"],["-2.6972","0.3996","1.0806","-0.2474","0.4591","-0.1574","0.5882","0.0332"],["-2.5776","1.0086","-0.5572","-0.7051","0.3567","-0.4287","0.8765","-0.0220"],["1.0160","-0.3781","-1.5550","-0.1555","-0.1003","-0.4009","0.3900","0.0094"]]}}
%---
%[output:55779c67]
%   data: {"dataType":"matrix","outputData":{"columns":1,"name":"latentGHSI","rows":8,"type":"double","value":[["5.9252"],["0.7794"],["0.4407"],["0.4064"],["0.2162"],["0.1193"],["0.1121"],["0.0007"]]}}
%---
%[output:2215a4b6]
%   data: {"dataType":"matrix","outputData":{"columns":1,"name":"tsquaredGHSI","rows":104,"type":"double","value":[["10.1396"],["5.2510"],["9.8861"],["4.8618"],["5.9595"],["8.2326"],["3.4266"],["4.3796"],["7.6002"],["12.8318"],["8.7735"],["9.3964"],["10.1553"],["14.0632"],["8.7878"]]}}
%---
%[output:13e65c31]
%   data: {"dataType":"matrix","outputData":{"columns":1,"name":"explainedGHSI","rows":8,"type":"double","value":[["74.0655"],["9.7430"],["5.5089"],["5.0801"],["2.7021"],["1.4911"],["1.4009"],["0.0083"]]}}
%---
%[output:438cee84]
%   data: {"dataType":"matrix","outputData":{"columns":1,"name":"cumVarGHSI","rows":8,"type":"double","value":[["74.0655"],["83.8086"],["89.3175"],["94.3975"],["97.0996"],["98.5907"],["99.9917"],["100.0000"]]}}
%---
%[output:65db6979]
%   data: {"dataType":"textualVariable","outputData":{"name":"numPCGHSI","value":"3"}}
%---
%[output:00b18373]
%   data: {"dataType":"matrix","outputData":{"columns":3,"name":"score_reducedGHSI","rows":104,"type":"double","value":[["-3.1828","-1.4976","1.1014"],["-2.9402","-0.2451","0.3397"],["-0.3476","1.8482","0.4834"],["1.6735","-0.6274","-0.1821"],["4.5247","-0.4031","-0.0590"],["2.5171","1.1416","0.9348"],["2.8414","0.5752","0.2145"],["-1.8230","-0.5595","-0.1801"],["2.3574","-1.0296","0.5363"],["-1.1559","1.2029","-1.4681"],["-2.2666","0.8106","0.7598"],["-1.4377","0.7626","-0.4029"],["-2.6972","0.3996","1.0806"],["-2.5776","1.0086","-0.5572"],["1.0160","-0.3781","-1.5550"]]}}
%---
%[output:19917ebc]
%   data: {"dataType":"textualVariable","outputData":{"header":"logical","name":"ans","value":"   0\n"}}
%---
%[output:4a030397]
%   data: {"dataType":"matrix","outputData":{"columns":6,"name":"coeffMobilnost","rows":6,"type":"double","value":[["0.4732","0.1059","0.0866","-0.1166","0.0423","0.8614"],["0.4662","0.0694","0.1690","-0.2704","0.7419","-0.3547"],["0.2907","0.7456","-0.5157","0.2234","-0.1314","-0.1628"],["0.4611","-0.1231","0.1063","-0.5265","-0.6326","-0.2891"],["0.4231","-0.1485","0.4344","0.7524","-0.1479","-0.1488"],["-0.2873","0.6252","0.7057","-0.1416","-0.0925","-0.0046"]]}}
%---
%[output:17061436]
%   data: {"dataType":"matrix","outputData":{"columns":6,"name":"scoreMobilnost","rows":104,"type":"double","value":[["1.8622","0.4611","-0.3259","0.7682","1.5498","0.6129"],["2.7710","0.6258","-1.3241","-0.0380","-0.3721","0.1493"],["1.1220","0.1332","0.1697","-0.2142","0.0714","0.1747"],["0.0686","-1.3581","0.4027","-0.1588","0.1476","-0.0181"],["-1.7950","0.7669","-0.0914","-1.4599","-0.2518","0.1864"],["-3.1020","0.8700","-0.4904","0.0402","-0.2891","-0.8316"],["-1.5024","0.5765","0.3533","0.3153","0.1669","0.0732"],["3.8796","0.7306","0.5603","0.3596","-0.7746","-0.4571"],["-1.7856","-0.2335","-0.7867","-0.6430","-0.4677","-1.4731"],["-0.2652","-1.2392","0.8253","-0.0798","-0.4294","0.3768"],["0.7486","-1.0818","-2.3996","0.0863","-0.6983","0.4168"],["0.5076","-0.3970","-1.5214","0.4753","1.1112","0.2913"],["1.6704","1.1506","-2.0614","-0.2838","0.1380","0.2940"],["0.7022","0.0133","0.3274","-0.1621","-0.3822","0.1517"],["0.1704","0.1099","0.1922","0.2703","0.2706","-0.6805"]]}}
%---
%[output:2a002263]
%   data: {"dataType":"matrix","outputData":{"columns":1,"name":"latentMobilnost","rows":6,"type":"double","value":[["3.6917"],["0.8529"],["0.7105"],["0.3119"],["0.2257"],["0.2073"]]}}
%---
%[output:8a174a7a]
%   data: {"dataType":"matrix","outputData":{"columns":1,"name":"tsquaredMobilnost","rows":104,"type":"double","value":[["15.6822"],["5.7321"],["0.7193"],["2.5709"],["8.8557"],["7.5444"],["1.6448"],["9.2251"],["14.5627"],["4.3005"],["12.6507"],["10.1157"],["9.0489"],["1.1272"],["2.8669"]]}}
%---
%[output:48cba0da]
%   data: {"dataType":"matrix","outputData":{"columns":1,"name":"explainedMobilnost","rows":6,"type":"double","value":[["61.5285"],["14.2150"],["11.8411"],["5.1986"],["3.7624"],["3.4544"]]}}
%---
%[output:5a84d46c]
%   data: {"dataType":"matrix","outputData":{"columns":1,"name":"cumVarMobilnost","rows":6,"type":"double","value":[["61.5285"],["75.7435"],["87.5846"],["92.7832"],["96.5456"],["100.0000"]]}}
%---
%[output:1c6565e5]
%   data: {"dataType":"textualVariable","outputData":{"name":"numPCMobilnost","value":"3"}}
%---
%[output:64097624]
%   data: {"dataType":"matrix","outputData":{"columns":3,"name":"score_reducedMobilnost","rows":104,"type":"double","value":[["1.8622","0.4611","-0.3259"],["2.7710","0.6258","-1.3241"],["1.1220","0.1332","0.1697"],["0.0686","-1.3581","0.4027"],["-1.7950","0.7669","-0.0914"],["-3.1020","0.8700","-0.4904"],["-1.5024","0.5765","0.3533"],["3.8796","0.7306","0.5603"],["-1.7856","-0.2335","-0.7867"],["-0.2652","-1.2392","0.8253"],["0.7486","-1.0818","-2.3996"],["0.5076","-0.3970","-1.5214"],["1.6704","1.1506","-2.0614"],["0.7022","0.0133","0.3274"],["0.1704","0.1099","0.1922"]]}}
%---
%[output:92093818]
%   data: {"dataType":"matrix","outputData":{"columns":4,"name":"R_st","rows":4,"type":"double","value":[["1.0000","0.9098","0.9772","-0.4030"],["0.9098","1.0000","0.9772","-0.3499"],["0.9772","0.9772","1.0000","-0.3852"],["-0.4030","-0.3499","-0.3852","1.0000"]]}}
%---
%[output:918bb026]
%   data: {"dataType":"matrix","outputData":{"columns":4,"name":"P_st","rows":4,"type":"double","value":[["1.0000","0.0000","0.0000","0.0000"],["0.0000","1.0000","0.0000","0.0003"],["0.0000","0.0000","1.0000","0.0001"],["0.0000","0.0003","0.0001","1.0000"]]}}
%---
%[output:074c42a2]
%   data: {"dataType":"textualVariable","outputData":{"name":"h_st","value":"  <a href=\"matlab:helpPopup('matlab.graphics.chart.HeatmapChart')\" style=\"font-weight:bold\">HeatmapChart<\/a> with properties:\n\n        XData: {4×1 cell}\n        YData: {4×1 cell}\n    ColorData: [4×4 double]\n\n  Show <a href=\"matlab:if exist('h_st', 'var'), matlab.graphics.internal.getForDisplay('h_st', h_st, 'matlab.graphics.chart.HeatmapChart'), else, matlab.graphics.internal.getForDisplay('h_st'), end\">all properties<\/a>\n"}}
%---
%[output:66c095dc]
%   data: {"dataType":"textualVariable","outputData":{"name":"h_st","value":"  <a href=\"matlab:helpPopup('matlab.graphics.chart.HeatmapChart')\" style=\"font-weight:bold\">HeatmapChart<\/a> with properties:\n\n        XData: {4×1 cell}\n        YData: {4×1 cell}\n    ColorData: [4×4 double]\n\n  Show <a href=\"matlab:if exist('h_st', 'var'), matlab.graphics.internal.getForDisplay('h_st', h_st, 'matlab.graphics.chart.HeatmapChart'), else, matlab.graphics.internal.getForDisplay('h_st'), end\">all properties<\/a>\n"}}
%---
%[output:077a69ff]
%   data: {"dataType":"image","outputData":{"dataUri":"data:image\/png;base64,iVBORw0KGgoAAAANSUhEUgAAADQAAAAfCAYAAACoE+4eAAAAcklEQVRYCd3BsQ0DMQADscONov1n0ir5\/pEibhxApJ8xMkbGyBgZI2NkjIyRMTJGxsgYGSNj5EASkvCWhCQkIQlJSEISbpNDbflVW26TA235pi1taUtb2tKWf5AxMkbGyBgZI2NkjIyRMTJGxsgYGSNjHndP6m+oUtXNAAAAAElFTkSuQmCC","height":108,"width":179}}
%---
%[output:07fbd076]
%   data: {"dataType":"textualVariable","outputData":{"name":"h_st","value":"  <a href=\"matlab:helpPopup('matlab.graphics.chart.HeatmapChart')\" style=\"font-weight:bold\">HeatmapChart<\/a> with properties:\n\n        XData: {4×1 cell}\n        YData: {4×1 cell}\n    ColorData: [4×4 double]\n\n  Show <a href=\"matlab:if exist('h_st', 'var'), matlab.graphics.internal.getForDisplay('h_st', h_st, 'matlab.graphics.chart.HeatmapChart'), else, matlab.graphics.internal.getForDisplay('h_st'), end\">all properties<\/a>\n"}}
%---
%[output:3d54e7b2]
%   data: {"dataType":"textualVariable","outputData":{"name":"h1_st","value":"  <a href=\"matlab:helpPopup('matlab.graphics.chart.HeatmapChart')\" style=\"font-weight:bold\">HeatmapChart<\/a> with properties:\n\n        XData: {4×1 cell}\n        YData: {4×1 cell}\n    ColorData: [4×4 double]\n\n  Show <a href=\"matlab:if exist('h1_st', 'var'), matlab.graphics.internal.getForDisplay('h1_st', h1_st, 'matlab.graphics.chart.HeatmapChart'), else, matlab.graphics.internal.getForDisplay('h1_st'), end\">all properties<\/a>\n"}}
%---
%[output:7ebf65e9]
%   data: {"dataType":"textualVariable","outputData":{"name":"h1_st","value":"  <a href=\"matlab:helpPopup('matlab.graphics.chart.HeatmapChart')\" style=\"font-weight:bold\">HeatmapChart<\/a> with properties:\n\n        XData: {4×1 cell}\n        YData: {4×1 cell}\n    ColorData: [4×4 double]\n\n  Show <a href=\"matlab:if exist('h1_st', 'var'), matlab.graphics.internal.getForDisplay('h1_st', h1_st, 'matlab.graphics.chart.HeatmapChart'), else, matlab.graphics.internal.getForDisplay('h1_st'), end\">all properties<\/a>\n"}}
%---
%[output:2f6dee3b]
%   data: {"dataType":"image","outputData":{"dataUri":"data:image\/png;base64,iVBORw0KGgoAAAANSUhEUgAAADQAAAAfCAYAAACoE+4eAAAAcklEQVRYCd3BsQ0DMQADscONov1n0ir5\/pEibhxApJ8xMkbGyBgZI2NkjIyRMTJGxsgYGSNj5EASkvCWhCQkIQlJSEISbpNDbflVW26TA235pi1taUtb2tKWf5AxMkbGyBgZI2NkjIyRMTJGxsgYGSNjHndP6m+oUtXNAAAAAElFTkSuQmCC","height":108,"width":179}}
%---
%[output:38ddd7ba]
%   data: {"dataType":"textualVariable","outputData":{"name":"h1_st","value":"  <a href=\"matlab:helpPopup('matlab.graphics.chart.HeatmapChart')\" style=\"font-weight:bold\">HeatmapChart<\/a> with properties:\n\n        XData: {4×1 cell}\n        YData: {4×1 cell}\n    ColorData: [4×4 double]\n\n  Show <a href=\"matlab:if exist('h1_st', 'var'), matlab.graphics.internal.getForDisplay('h1_st', h1_st, 'matlab.graphics.chart.HeatmapChart'), else, matlab.graphics.internal.getForDisplay('h1_st'), end\">all properties<\/a>\n"}}
%---
%[output:6889bbfe]
%   data: {"dataType":"matrix","outputData":{"columns":4,"name":"R_vacc","rows":4,"type":"double","value":[["1.0000","0.7778","0.9428","-0.0883"],["0.7778","1.0000","0.9428","-0.2736"],["0.9428","0.9428","1.0000","-0.1919"],["-0.0883","-0.2736","-0.1919","1.0000"]]}}
%---
%[output:97aeea06]
%   data: {"dataType":"matrix","outputData":{"columns":4,"name":"P_vacc","rows":4,"type":"double","value":[["1.0000","0.0000","0.0000","0.3730"],["0.0000","1.0000","0.0000","0.0050"],["0.0000","0.0000","1.0000","0.0510"],["0.3730","0.0050","0.0510","1.0000"]]}}
%---
%[output:8245c6f2]
%   data: {"dataType":"textualVariable","outputData":{"name":"h_vacc","value":"  <a href=\"matlab:helpPopup('matlab.graphics.chart.HeatmapChart')\" style=\"font-weight:bold\">HeatmapChart<\/a> with properties:\n\n        XData: {4×1 cell}\n        YData: {4×1 cell}\n    ColorData: [4×4 double]\n\n  Show <a href=\"matlab:if exist('h_vacc', 'var'), matlab.graphics.internal.getForDisplay('h_vacc', h_vacc, 'matlab.graphics.chart.HeatmapChart'), else, matlab.graphics.internal.getForDisplay('h_vacc'), end\">all properties<\/a>\n"}}
%---
%[output:9d6a9270]
%   data: {"dataType":"textualVariable","outputData":{"name":"h_vacc","value":"  <a href=\"matlab:helpPopup('matlab.graphics.chart.HeatmapChart')\" style=\"font-weight:bold\">HeatmapChart<\/a> with properties:\n\n        XData: {4×1 cell}\n        YData: {4×1 cell}\n    ColorData: [4×4 double]\n\n  Show <a href=\"matlab:if exist('h_vacc', 'var'), matlab.graphics.internal.getForDisplay('h_vacc', h_vacc, 'matlab.graphics.chart.HeatmapChart'), else, matlab.graphics.internal.getForDisplay('h_vacc'), end\">all properties<\/a>\n"}}
%---
%[output:0f09fe1c]
%   data: {"dataType":"image","outputData":{"dataUri":"data:image\/png;base64,iVBORw0KGgoAAAANSUhEUgAAADQAAAAfCAYAAACoE+4eAAAAcklEQVRYCd3BsQ0DMQADscONov1n0ir5\/pEibhxApJ8xMkbGyBgZI2NkjIyRMTJGxsgYGSNj5EASkvCWhCQkIQlJSEISbpNDbflVW26TA235pi1taUtb2tKWf5AxMkbGyBgZI2NkjIyRMTJGxsgYGSNjHndP6m+oUtXNAAAAAElFTkSuQmCC","height":108,"width":179}}
%---
%[output:7c56c03d]
%   data: {"dataType":"textualVariable","outputData":{"name":"h_vacc","value":"  <a href=\"matlab:helpPopup('matlab.graphics.chart.HeatmapChart')\" style=\"font-weight:bold\">HeatmapChart<\/a> with properties:\n\n        XData: {4×1 cell}\n        YData: {4×1 cell}\n    ColorData: [4×4 double]\n\n  Show <a href=\"matlab:if exist('h_vacc', 'var'), matlab.graphics.internal.getForDisplay('h_vacc', h_vacc, 'matlab.graphics.chart.HeatmapChart'), else, matlab.graphics.internal.getForDisplay('h_vacc'), end\">all properties<\/a>\n"}}
%---
%[output:2b441547]
%   data: {"dataType":"textualVariable","outputData":{"name":"h1_vacc","value":"  <a href=\"matlab:helpPopup('matlab.graphics.chart.HeatmapChart')\" style=\"font-weight:bold\">HeatmapChart<\/a> with properties:\n\n        XData: {4×1 cell}\n        YData: {4×1 cell}\n    ColorData: [4×4 double]\n\n  Show <a href=\"matlab:if exist('h1_vacc', 'var'), matlab.graphics.internal.getForDisplay('h1_vacc', h1_vacc, 'matlab.graphics.chart.HeatmapChart'), else, matlab.graphics.internal.getForDisplay('h1_vacc'), end\">all properties<\/a>\n"}}
%---
%[output:0149a94e]
%   data: {"dataType":"textualVariable","outputData":{"name":"h1_vacc","value":"  <a href=\"matlab:helpPopup('matlab.graphics.chart.HeatmapChart')\" style=\"font-weight:bold\">HeatmapChart<\/a> with properties:\n\n        XData: {4×1 cell}\n        YData: {4×1 cell}\n    ColorData: [4×4 double]\n\n  Show <a href=\"matlab:if exist('h1_vacc', 'var'), matlab.graphics.internal.getForDisplay('h1_vacc', h1_vacc, 'matlab.graphics.chart.HeatmapChart'), else, matlab.graphics.internal.getForDisplay('h1_vacc'), end\">all properties<\/a>\n"}}
%---
%[output:682a1115]
%   data: {"dataType":"image","outputData":{"dataUri":"data:image\/png;base64,iVBORw0KGgoAAAANSUhEUgAAADQAAAAfCAYAAACoE+4eAAAAcklEQVRYCd3BsQ0DMQADscONov1n0ir5\/pEibhxApJ8xMkbGyBgZI2NkjIyRMTJGxsgYGSNj5EASkvCWhCQkIQlJSEISbpNDbflVW26TA235pi1taUtb2tKWf5AxMkbGyBgZI2NkjIyRMTJGxsgYGSNjHndP6m+oUtXNAAAAAElFTkSuQmCC","height":108,"width":179}}
%---
%[output:59039d9a]
%   data: {"dataType":"textualVariable","outputData":{"name":"h1_vacc","value":"  <a href=\"matlab:helpPopup('matlab.graphics.chart.HeatmapChart')\" style=\"font-weight:bold\">HeatmapChart<\/a> with properties:\n\n        XData: {4×1 cell}\n        YData: {4×1 cell}\n    ColorData: [4×4 double]\n\n  Show <a href=\"matlab:if exist('h1_vacc', 'var'), matlab.graphics.internal.getForDisplay('h1_vacc', h1_vacc, 'matlab.graphics.chart.HeatmapChart'), else, matlab.graphics.internal.getForDisplay('h1_vacc'), end\">all properties<\/a>\n"}}
%---
%[output:9da69f6f]
%   data: {"dataType":"matrix","outputData":{"columns":12,"name":"R_GHSI","rows":12,"type":"double","value":[["1.0000","0.9172","0.8652","0.8130","0.8996","0.7595","0.7709","0.7982","0.9947","-0.0827","-0.0155","-0.2020"],["0.9172","1.0000","0.7268","0.6367","0.8541","0.6180","0.7305","0.7901","0.9186","0.0654","0.0221","-0.2417"],["0.8652","0.7268","1.0000","0.6926","0.7371","0.6642","0.4865","0.5577","0.8350","-0.3914","-0.1570","-0.0973"],["0.8130","0.6367","0.6926","1.0000","0.6736","0.5438","0.6204","0.6403","0.8170","-0.0622","-0.3463","-0.1347"],["0.8996","0.8541","0.7371","0.6736","1.0000","0.5889","0.6128","0.6962","0.8881","-0.0804","-0.1561","-0.2026"],["0.7595","0.6180","0.6642","0.5438","0.5889","1.0000","0.4801","0.4940","0.7424","-0.4097","0.4944","-0.2073"],["0.7709","0.7305","0.4865","0.6204","0.6128","0.4801","1.0000","0.8749","0.8118","0.4968","0.1464","-0.1669"],["0.7982","0.7901","0.5577","0.6403","0.6962","0.4940","0.8749","1.0000","0.8535","0.4360","0.0725","-0.2718"],["0.9947","0.9186","0.8350","0.8170","0.8881","0.7424","0.8118","0.8535","1.0000","-0.0000","0.0000","-0.2220"],["-0.0827","0.0654","-0.3914","-0.0622","-0.0804","-0.4097","0.4968","0.4360","-0.0000","1.0000","0.0000","-0.0678"],["-0.0155","0.0221","-0.1570","-0.3463","-0.1561","0.4944","0.1464","0.0725","0.0000","0.0000","1.0000","-0.1254"],["-0.2020","-0.2417","-0.0973","-0.1347","-0.2026","-0.2073","-0.1669","-0.2718","-0.2220","-0.0678","-0.1254","1.0000"]]}}
%---
%[output:19035e7f]
%   data: {"dataType":"matrix","outputData":{"columns":12,"name":"P_GHSI","rows":12,"type":"double","value":[["1.0000","0.0000","0.0000","0.0000","0.0000","0.0000","0.0000","0.0000","0.0000","0.4040","0.8763","0.0397"],["0.0000","1.0000","0.0000","0.0000","0.0000","0.0000","0.0000","0.0000","0.0000","0.5097","0.8236","0.0135"],["0.0000","0.0000","1.0000","0.0000","0.0000","0.0000","0.0000","0.0000","0.0000","0.0000","0.1115","0.3259"],["0.0000","0.0000","0.0000","1.0000","0.0000","0.0000","0.0000","0.0000","0.0000","0.5308","0.0003","0.1728"],["0.0000","0.0000","0.0000","0.0000","1.0000","0.0000","0.0000","0.0000","0.0000","0.4170","0.1136","0.0392"],["0.0000","0.0000","0.0000","0.0000","0.0000","1.0000","0.0000","0.0000","0.0000","0.0000","0.0000","0.0348"],["0.0000","0.0000","0.0000","0.0000","0.0000","0.0000","1.0000","0.0000","0.0000","0.0000","0.1382","0.0903"],["0.0000","0.0000","0.0000","0.0000","0.0000","0.0000","0.0000","1.0000","0.0000","0.0000","0.4648","0.0053"],["0.0000","0.0000","0.0000","0.0000","0.0000","0.0000","0.0000","0.0000","1.0000","1.0000","1.0000","0.0235"],["0.4040","0.5097","0.0000","0.5308","0.4170","0.0000","0.0000","0.0000","1.0000","1.0000","1.0000","0.4941"],["0.8763","0.8236","0.1115","0.0003","0.1136","0.0000","0.1382","0.4648","1.0000","1.0000","1.0000","0.2046"],["0.0397","0.0135","0.3259","0.1728","0.0392","0.0348","0.0903","0.0053","0.0235","0.4941","0.2046","1.0000"]]}}
%---
%[output:9602ac89]
%   data: {"dataType":"textualVariable","outputData":{"name":"h_GHSI","value":"  <a href=\"matlab:helpPopup('matlab.graphics.chart.HeatmapChart')\" style=\"font-weight:bold\">HeatmapChart<\/a> with properties:\n\n        XData: {12×1 cell}\n        YData: {12×1 cell}\n    ColorData: [12×12 double]\n\n  Show <a href=\"matlab:if exist('h_GHSI', 'var'), matlab.graphics.internal.getForDisplay('h_GHSI', h_GHSI, 'matlab.graphics.chart.HeatmapChart'), else, matlab.graphics.internal.getForDisplay('h_GHSI'), end\">all properties<\/a>\n"}}
%---
%[output:24f4d1ab]
%   data: {"dataType":"textualVariable","outputData":{"name":"h_GHSI","value":"  <a href=\"matlab:helpPopup('matlab.graphics.chart.HeatmapChart')\" style=\"font-weight:bold\">HeatmapChart<\/a> with properties:\n\n        XData: {12×1 cell}\n        YData: {12×1 cell}\n    ColorData: [12×12 double]\n\n  Show <a href=\"matlab:if exist('h_GHSI', 'var'), matlab.graphics.internal.getForDisplay('h_GHSI', h_GHSI, 'matlab.graphics.chart.HeatmapChart'), else, matlab.graphics.internal.getForDisplay('h_GHSI'), end\">all properties<\/a>\n"}}
%---
%[output:4dda3b0d]
%   data: {"dataType":"image","outputData":{"dataUri":"data:image\/png;base64,iVBORw0KGgoAAAANSUhEUgAAADQAAAAfCAYAAACoE+4eAAAAcklEQVRYCd3BsQ0DMQADscONov1n0ir5\/pEibhxApJ8xMkbGyBgZI2NkjIyRMTJGxsgYGSNj5EASkvCWhCQkIQlJSEISbpNDbflVW26TA235pi1taUtb2tKWf5AxMkbGyBgZI2NkjIyRMTJGxsgYGSNjHndP6m+oUtXNAAAAAElFTkSuQmCC","height":108,"width":179}}
%---
%[output:88f645f7]
%   data: {"dataType":"textualVariable","outputData":{"name":"h_GHSI","value":"  <a href=\"matlab:helpPopup('matlab.graphics.chart.HeatmapChart')\" style=\"font-weight:bold\">HeatmapChart<\/a> with properties:\n\n        XData: {12×1 cell}\n        YData: {12×1 cell}\n    ColorData: [12×12 double]\n\n  Show <a href=\"matlab:if exist('h_GHSI', 'var'), matlab.graphics.internal.getForDisplay('h_GHSI', h_GHSI, 'matlab.graphics.chart.HeatmapChart'), else, matlab.graphics.internal.getForDisplay('h_GHSI'), end\">all properties<\/a>\n"}}
%---
%[output:31d0dd63]
%   data: {"dataType":"textualVariable","outputData":{"name":"h1_GHSI","value":"  <a href=\"matlab:helpPopup('matlab.graphics.chart.HeatmapChart')\" style=\"font-weight:bold\">HeatmapChart<\/a> with properties:\n\n        XData: {12×1 cell}\n        YData: {12×1 cell}\n    ColorData: [12×12 double]\n\n  Show <a href=\"matlab:if exist('h1_GHSI', 'var'), matlab.graphics.internal.getForDisplay('h1_GHSI', h1_GHSI, 'matlab.graphics.chart.HeatmapChart'), else, matlab.graphics.internal.getForDisplay('h1_GHSI'), end\">all properties<\/a>\n"}}
%---
%[output:95a6d0da]
%   data: {"dataType":"textualVariable","outputData":{"name":"h1_GHSI","value":"  <a href=\"matlab:helpPopup('matlab.graphics.chart.HeatmapChart')\" style=\"font-weight:bold\">HeatmapChart<\/a> with properties:\n\n        XData: {12×1 cell}\n        YData: {12×1 cell}\n    ColorData: [12×12 double]\n\n  Show <a href=\"matlab:if exist('h1_GHSI', 'var'), matlab.graphics.internal.getForDisplay('h1_GHSI', h1_GHSI, 'matlab.graphics.chart.HeatmapChart'), else, matlab.graphics.internal.getForDisplay('h1_GHSI'), end\">all properties<\/a>\n"}}
%---
%[output:49fae951]
%   data: {"dataType":"image","outputData":{"dataUri":"data:image\/png;base64,iVBORw0KGgoAAAANSUhEUgAAADQAAAAfCAYAAACoE+4eAAAAcklEQVRYCd3BsQ0DMQADscONov1n0ir5\/pEibhxApJ8xMkbGyBgZI2NkjIyRMTJGxsgYGSNj5EASkvCWhCQkIQlJSEISbpNDbflVW26TA235pi1taUtb2tKWf5AxMkbGyBgZI2NkjIyRMTJGxsgYGSNjHndP6m+oUtXNAAAAAElFTkSuQmCC","height":108,"width":179}}
%---
%[output:18f045dc]
%   data: {"dataType":"textualVariable","outputData":{"name":"h1_GHSI","value":"  <a href=\"matlab:helpPopup('matlab.graphics.chart.HeatmapChart')\" style=\"font-weight:bold\">HeatmapChart<\/a> with properties:\n\n        XData: {12×1 cell}\n        YData: {12×1 cell}\n    ColorData: [12×12 double]\n\n  Show <a href=\"matlab:if exist('h1_GHSI', 'var'), matlab.graphics.internal.getForDisplay('h1_GHSI', h1_GHSI, 'matlab.graphics.chart.HeatmapChart'), else, matlab.graphics.internal.getForDisplay('h1_GHSI'), end\">all properties<\/a>\n"}}
%---
%[output:03847fe2]
%   data: {"dataType":"matrix","outputData":{"columns":10,"name":"R_mob","rows":10,"type":"double","value":[["1.0000","0.7848","0.5050","0.7624","0.6972","-0.3985","0.9092","0.0978","0.0730","0.2912"],["0.7848","1.0000","0.4537","0.7589","0.6944","-0.3759","0.8958","0.0641","0.1424","0.1974"],["0.5050","0.4537","1.0000","0.3694","0.2624","-0.1762","0.5586","0.6886","-0.4346","0.0301"],["0.7624","0.7589","0.3694","1.0000","0.6752","-0.4646","0.8860","-0.1137","0.0896","0.2853"],["0.6972","0.6944","0.2624","0.6752","1.0000","-0.3401","0.8130","-0.1371","0.3662","0.1287"],["-0.3985","-0.3759","-0.1762","-0.4646","-0.3401","1.0000","-0.5519","0.5774","0.5948","-0.1460"],["0.9092","0.8958","0.5586","0.8860","0.8130","-0.5519","1.0000","0","0.0000","0.2428"],["0.0978","0.0641","0.6886","-0.1137","-0.1371","0.5774","0","1.0000","-0.0000","-0.0851"],["0.0730","0.1424","-0.4346","0.0896","0.3662","0.5948","0.0000","-0.0000","1.0000","0.0311"],["0.2912","0.1974","0.0301","0.2853","0.1287","-0.1460","0.2428","-0.0851","0.0311","1.0000"]]}}
%---
%[output:513f691e]
